15 9 18 153 86 8
18 153 86 8 121 163
86 8 121 163 163 4
121 163 163 4 231 174
163 4 231 174 271 7
231 174 271 7 333 167
271 7 333 167 384 11
333 167 384 11 443 151
384 11 443 151 489 12
443 151 489 12 557 150
489 12 557 150 586 14
557 150 586 14 661 167
586 14 661 167 680 13
661 167 680 13 738 153
680 13 738 153 792 10
738 153 792 10 835 164
792 10 835 164 896 12
835 164 896 12 935 172
896 12 935 172 1002 9
935 172 1002 9 994 180
1002 9 994 180 1074 188
994 180 1074 188 985 288
1074 188 985 288 1073 307
985 288 1073 307 951 321
1073 307 951 321 1001 383
951 321 1001 383 891 337
1001 383 1029 471 891 337
1029 471 891 337 927 470
891 337 927 470 794 355
927 470 794 355 799 465
794 355 799 465 674 345
799 465 674 345 682 463
674 345 682 463 589 353
682 463 589 353 586 463
589 353 586 463 500 335
586 463 500 335 499 445
500 335 499 445 418 325
499 445 418 325 429 481
418 325 429 481 311 344
429 481 311 344 311 469
311 344 311 469 245 336
311 469 245 336 201 456
245 336 201 456 153 328
201 456 153 328 110 447
153 328 110 447 18 395
18 395 17 274 153 328
17 274 121 163 18 153
17 274 121 163 153 328
121 163 153 328 231 174
153 328 231 174 245 336
231 174 245 336 333 167
245 336 333 167 311 344
333 167 311 344 443 151
311 344 443 151 418 325
443 151 418 325 557 150
418 325 557 150 500 335
557 150 500 335 661 167
500 335 661 167 589 353
661 167 589 353 738 153
589 353 738 153 674 345
738 153 674 345 835 164
674 345 835 164 794 355
835 164 794 355 935 172
794 355 935 172 891 337
935 172 891 337 994 180
891 337 994 180 951 321
994 180 951 321 985 288